Epoch: 000
Time: 0.06966495513916016
tensor([[ 42.2982,  53.8474,  24.6189,  ...,  34.0478,  55.2591,  48.4371],
        [ 34.3444,  44.1952,  20.8759,  ...,  28.0574,  45.6028,  40.2090],
        [335.0310, 427.1190, 196.9960,  ..., 270.2451, 441.7349, 386.9505],
        ...,
        [  4.2215,   5.5692,   2.4970,  ...,   3.4455,   5.6738,   4.9559],
        [ 59.1088,  76.0076,  34.5846,  ...,  47.7643,  77.4707,  68.7087],
        [189.3287, 241.9992, 110.9997,  ..., 152.2920, 249.5820, 219.3260]],
       grad_fn=<ScatterAddBackward>)
